0 0.0673631 1
1 0.0540323 1
2 0.0380768 1
3 0.0323293 1
4 0.0197971 1
5 0.0183401 1
6 0.0155659 1
7 0.0417949 1
8 0.0165571 1
9 0.0679991 1
10 0.0177097 1
11 0.0216685 1
12 0.0144458 1
13 0.0202936 1
14 0.0366457 1
15 0.014236 1
16 0.0533499 1
17 0.00788476 1
18 0.0277748 1
19 0.0235665 1
20 0.00933719 1
21 0.0266017 1
22 0.0371667 1
23 0.0420918 1
24 0.0274788 1
25 0.0220276 1
26 0.0244074 1
27 0.0408168 1
28 0.0120116 1
29 0.0510955 1
30 0.0154496 1
31 0.0218766 1
32 0.0261871 1
33 0.0449107 1
34 0.0351315 1
35 0.0371028 1
36 0.0339035 1
37 0.0464179 1
38 0.0384631 1
39 0.00670277 1
40 0.0154667 1
41 0.00780394 1
42 0.0295095 1
43 0.0153876 1
44 0.0304145 1
45 0.0301342 1
46 0.0249671 1
47 0.0197113 1
48 0.00960369 1
49 0.0175598 1
50 0.046065 1
51 0.040978 1
52 0.0160979 1
53 0.0258654 1
54 0.0070828 1
55 0.0480472 1
56 0.0215964 1
57 0.0339891 1
58 0.0309581 1
59 0.00699775 1
60 0.0664471 1
61 0.0341566 1
62 0.0160044 1
63 0.0484821 1
64 0.0451666 1
65 0.042627 1
66 0.0279074 1
67 0.0501455 1
68 0.0579181 1
69 0.0422981 1
70 0.0168612 1
71 0.0191888 1
72 0.0390215 1
73 0.0210189 1
74 0.0448326 1
75 0.0806415 1
76 0.0383855 1
77 0.0465939 1
78 0.0626774 1
79 0.0207072 1
80 0.0024357 1
81 0.00971451 1
82 0.0221912 1
83 0.0633937 1
84 0.0690876 1
85 0.0580688 1
86 0.033237 1
87 0.0287712 1
88 0.0630554 1
89 0.0256913 1
90 0.0525763 1
91 0.0187452 1
92 0.0323533 1
93 0.0204171 1
94 0.040307 1
95 0.0215785 1
96 0.0132953 1
97 0.0101128 1
98 0.0514916 1
99 0.0499792 1
100 0.0338614 1
101 0.0503276 1
102 0.0126223 1
103 0.063259 1
104 0.0565204 1
105 0.0365022 1
106 0.0315486 1
107 0.0357246 1
108 0.0487847 1
109 0.00679292 1
110 0.0364994 1
111 0.0319091 1
112 0.0414671 1
113 0.0162398 1
114 0.0195671 1
115 0.0204197 1
116 0.050592 1
117 0.0489816 1
118 0.0258955 1
119 0.0263162 1
120 0.00993683 1
121 0.0239749 1
122 0.0377277 1
123 0.0331722 1
124 0.0409784 1
125 0.0416927 1
126 0.0226886 1
127 0.0113457 1
128 0.0492866 1
129 0.0744374 1
130 0.0289925 1
131 0.0376681 1
132 0.0295469 1
133 0.0346222 1
134 0.019894 1
135 0.0143194 1
136 0.0149331 1
137 0.0319138 1
138 0.0398554 1
139 0.0505178 1
140 0.0331596 1
141 0.0116885 1
142 0.0435877 1
143 0.0553095 1
144 0.0624168 1
145 0.0197702 1
146 0.0100364 1
147 0.0267956 1
148 0.0241852 1
149 0.0173149 1
150 0.0197105 1
151 0.0298736 1
152 0.0382111 1
153 0.0200025 1
154 0.0576158 1
155 0.0188061 1
156 0.0268397 1
157 0.0376679 1
158 0.0153337 1
159 0.0277265 1
160 0.0322287 1
161 0.0199912 1
162 0.0152141 1
163 0.0107824 1
164 0.0133887 1
165 0.0347902 1
166 0.0471106 1
167 0.0686323 1
168 0.0256997 1
169 0.0201698 1
170 0.0137727 1
171 0.0229258 1
172 0.0536413 1
173 0.0457788 1
174 0.0179168 1
175 0.0369269 1
176 0.0327213 1
177 0.0519594 1
178 0.0623249 1
179 0.0631803 1
180 0.0507284 1
181 0.0623873 1
182 0.0117945 1
183 0.0149349 1
184 0.0243351 1
185 0.0515253 1
186 0.0352077 1
187 0.0418146 1
188 0.0405328 1
189 0.0437358 1
190 0.0368614 1
191 0.0310535 1
192 0.073779 1
193 0.0570483 1
194 0.0169553 1
195 0.0333109 1
196 0.0291681 1
197 0.0136305 1
198 0.0551974 1
199 0.0160048 1
200 0.0261538 1
201 0.0357982 1
202 0.0400587 1
203 0.0251231 1
204 0.0499033 1
205 0.00995762 1
206 0.0175408 1
207 0.0501424 1
208 0.0437581 1
209 0.0260568 1
210 0.0235076 1
211 0.00868651 1
212 0.00946885 1
213 0.00925855 1
214 0.055085 1
215 0.0146638 1
216 0.0160357 1
217 0.0540867 1
218 0.040628 1
219 0.0127106 1
220 0.0103636 1
221 0.0356178 1
222 0.0193972 1
223 0.00890353 1
224 0.0255154 1
225 0.0275698 1
226 0.0296963 1
227 0.0272952 1
228 0.0160202 1
229 0.0501866 1
230 0.0305639 1
231 0.0271078 1
232 0.0249827 1
233 0.059553 1
234 0.066171 1
235 0.0160661 1
236 0.0244036 1
237 0.0142511 1
238 0.0352195 1
239 0.0606305 1
240 0.0197998 1
241 0.056134 1
242 0.0164693 1
243 0.0296254 1
244 0.0537428 1
245 0.0182667 1
246 0.0395572 1
247 0.0188288 1
248 0.0162734 1
249 0.0379515 1
250 0.0112542 1
251 0.0170309 1
252 0.00897908 1
253 0.0039555 1
254 0.0262218 1
255 0.0264767 1
256 0.0486531 1
257 0.0447417 1
258 0.0399911 1
259 0.0485027 1
260 0.0173689 1
261 0.00743538 1
262 0.0344704 1
263 0.010419 1
264 0.020678 1
265 0.046466 1
266 0.021362 1
267 0.00982756 1
268 0.00952614 1
269 0.0505529 1
270 0.0342789 1
271 0.0294981 1
272 0.0303892 1
273 0.0126609 1
274 0.0107813 1
275 0.00607798 1
276 0.0113392 1
277 0.0363346 1
278 0.0448348 1
279 0.0312434 1
280 0.00253671 1
281 0.0282904 1
282 0.0976109 1
283 0.0636638 1
284 0.0595098 1
285 0.0401454 1
286 0.0202987 1
287 0.00971624 1
288 0.0233273 1
289 0.028292 1
290 0.0302046 1
291 0.0290513 1
292 0.0194571 1
293 0.0252769 1
294 0.00604577 1
295 0.0326115 1
296 0.0423395 1
297 0.0200288 1
298 0.00127386 1
299 0.0114085 1
300 0.0291263 1
301 0.0261974 1
302 0.0470337 1
303 0.0264716 1
304 0.00976276 1
305 0.0223792 1
306 0.0357208 1
307 0.0326869 1
308 0.0241923 1
309 0.0530197 1
310 0.0407054 1
311 0.0189333 1
312 0.0233616 1
313 0.0228089 1
314 0.00751507 1
315 0.0530302 1
316 0.0211719 1
317 0.0213719 1
318 0.0343794 1
319 0.0287473 1
320 0.0220665 1
321 0.0125489 1
322 0.0416459 1
323 0.0316988 1
324 0.027169 1
325 0.030855 1
326 0.0253276 1
327 0.0563035 1
328 0.0390392 1
329 0.0344477 1
330 0.082643 1
331 0.0709618 1
332 0.00797473 1
333 0.0272964 1
334 0.0552945 1
335 0.0260085 1
336 0.0297106 1
337 0.0384683 1
338 0.02701 1
339 0.0276046 1
340 0.0125046 1
341 0.02913 1
342 0.0348144 1
343 0.0121266 1
344 0.0387734 1
345 0.0240026 1
346 0.0115117 1
347 0.0457907 1
348 0.0729851 1
349 0.0647569 1
350 0.0377381 1
351 0.0114769 1
352 0.0159004 1
353 0.022544 1
354 0.0660006 1
355 0.0291595 1
356 0.0609063 1
357 0.043586 1
358 0.0536589 1
359 0.0476496 1
360 0.072541 1
361 0.0417934 1
362 0.0426947 1
363 0.0427263 1
364 0.0270205 1
365 0.0264593 1
366 0.01484 1
367 0.0472506 1
368 0.0195709 1
369 0.0433847 1
370 0.0421105 1
371 0.0571608 1
372 0.0380121 1
373 0.0510476 1
374 0.0161719 1
375 0.035564 1
376 0.0238843 1
377 0.0516227 1
378 0.00977631 1
379 0.0389764 1
380 0.0324329 1
381 0.00396549 1
382 0.011948 1
383 0.024182 1
384 0.0482092 1
385 0.0410521 1
386 0.0251951 1
387 0.0355299 1
388 0.0419084 1
389 0.0290768 1
390 0.0409276 1
391 0.0229057 1
392 0.0481656 1
393 0.0053756 1
394 0.0564487 1
395 0.034998 1
396 0.0308093 1
397 0.0216627 1
398 0.0214014 1
399 0.0295961 1
400 0.0576707 1
401 0.0507435 1
402 0.00119317 1
403 0.0260576 1
404 0.0283452 1
405 0.0186914 1
406 0.0485511 1
407 0.0541586 1
408 0.00550641 1
409 0.026896 1
410 0.0142644 1
411 0.0190626 1
412 0.039159 1
413 0.0423208 1
414 0.0714317 1
415 0.0172639 1
416 0.0244196 1
417 0.0602423 1
418 0.00703842 1
419 0.0604764 1
420 0.020672 1
421 0.0302627 1
422 0.0216328 1
423 0.00903399 1
424 0.0157526 1
425 0.0198987 1
426 0.042003 1
427 0.00509139 1
428 0.0231178 1
429 0.0320269 1
430 0.0192221 1
431 0.0266139 1
432 0.014282 1
433 0.0303473 1
434 0.0315088 1
435 0.00756565 1
436 0.0303089 1
437 0.0531165 1
438 0.0324173 1
439 0.000886511 1
440 0.0324351 1
441 0.0449758 1
442 0.0623326 1
443 0.0683096 1
444 0.0126643 1
445 0.0141833 1
446 0.0130712 1
447 0.0106017 1
448 0.0131826 1
449 0.00960526 1
450 0.0380847 1
451 0.0232145 1
452 0.0197093 1
453 0.0137355 1
454 0.0584613 1
455 0.022658 1
456 0.0415605 1
457 0.0215487 1
458 0.0559284 1
459 0.0289003 1
460 0.0405721 1
461 0.0331017 1
462 0.0378502 1
463 0.0300447 1
464 0.00587979 1
465 0.030887 1
466 0.0640855 1
467 0.0321131 1
468 0.0609569 1
469 0.0581987 1
470 0.0197053 1
471 0.0462896 1
472 0.0105808 1
473 0.0267749 1
474 0.0497744 1
475 0.0452148 1
476 0.0189581 1
477 0.0382424 1
478 0.0411306 1
479 0.0162338 1
480 0.0264032 1
481 0.0203004 1
482 0.0218793 1
483 0.0126122 1
484 0.0361778 1
485 0.0422129 1
486 0.0391595 1
487 0.0303324 1
488 0.0394264 1
489 0.0157067 1
490 0.0111998 1
491 0.0273354 1
492 0.0275197 1
493 0.042549 1
494 0.0274756 1
495 0.0153838 1
496 0.0207021 1
497 0.0389261 1
498 0.0166652 1
499 0.0106543 1
500 0.020548 1
501 0.0426452 1
502 0.0229935 1
503 0.0131964 1
504 0.0457115 1
505 0.017983 1
506 0.0259441 1
507 0.0492567 1
508 0.0236493 1
509 0.0676439 1
510 0.048419 1
511 0.0545931 1
512 0.0464528 1
513 0.0527631 1
514 0.0572649 1
515 0.0419619 1
516 0.0242993 1
517 0.0176042 1
518 0.0321864 1
519 0.0237362 1
520 0.0271507 1
521 0.0282733 1
522 0.0386809 1
523 0.0424888 1
524 0.0201093 1
525 0.0660676 1
526 0.0162088 1
527 0.0305969 1
528 0.0634887 1
529 0.0487376 1
530 0.0388613 1
531 0.0436374 1
532 0.0362661 1
533 0.037284 1
534 0.0865721 1
535 0.0339515 1
536 0.030556 1
537 0.0228156 1
538 0.0285754 1
539 0.0482535 1
540 0.0695014 1
541 0.036475 1
542 0.0392444 1
543 0.0309567 1
544 0.00631231 1
545 0.0198347 1
546 0.0283788 1
547 0.0191991 1
548 0.0555241 1
549 0.0372543 1
550 0.00288211 1
551 0.0193548 1
552 0.0525123 1
553 0.0344547 1
554 0.0145652 1
555 0.00955566 1
556 0.0417019 1
557 0.0242527 1
558 0.059545 1
559 0.0497421 1
560 0.0689752 1
561 0.0274567 1
562 0.0312447 1
563 0.0313101 1
564 0.0326136 1
565 0.0251175 1
566 0.0342085 1
567 0.0434258 1
568 0.0394019 1
569 0.0209459 1
570 0.0107127 1
571 0.00927739 1
572 0.0232594 1
573 0.0246052 1
574 0.0267896 1
575 0.0341425 1
576 0.0367052 1
577 0.0419838 1
578 0.0109465 1
579 0.0593361 1
580 0.0271526 1
581 0.0287078 1
582 0.0338138 1
583 0.0260361 1
584 0.061607 1
585 0.0478553 1
586 0.0543229 1
587 0.0457574 1
588 0.0493119 1
589 0.0354272 1
590 0.023064 1
591 0.0185452 1
592 0.0286802 1
593 0.0241452 1
594 0.0566962 1
595 0.016698 1
596 0.0399628 1
597 0.0422997 1
598 0.0168706 1
599 0.0188977 1
600 0.0109478 1
601 0.00416767 1
602 0.0445849 1
603 0.0391468 1
604 0.00371323 1
605 0.0274376 1
606 0.0156687 1
607 0.049186 1
608 0.0133292 1
609 0.0519609 1
610 0.0304433 1
611 0.0202139 1
612 0.0199848 1
613 0.0269715 1
614 0.054678 1
615 0.0469769 1
616 0.0093882 1
617 0.0219705 1
618 0.00654042 1
619 0.0268018 1
620 0.0135437 1
621 0.0322894 1
622 0.0296162 1
623 0.0134647 1
624 0.0175279 1
625 0.0124148 1
626 0.0241629 1
627 0.0283081 1
628 0.0547841 1
629 0.0158349 1
630 0.0332665 1
631 0.0183986 1
632 0.0510673 1
633 0.0150999 1
634 0.0119434 1
635 0.034704 1
636 0.0428467 1
637 0.01956 1
638 0.0249685 1
639 0.00523736 1
640 0.0356648 1
641 0.0257442 1
642 0.0479574 1
643 0.0903951 1
644 0.0415737 1
645 0.00642837 1
646 0.02105 1
647 0.0351695 1
648 0.0227915 1
649 0.00620469 1
650 0.0319461 1
651 0.0131317 1
652 0.0248638 1
653 0.0441544 1
654 0.0129363 1
655 0.0448816 1
656 0.0339228 1
657 0.0606564 1
658 0.0518707 1
659 0.0233867 1
660 0.0390874 1
661 0.00595273 1
662 0.0458287 1
663 0.0427893 1
664 0.0474447 1
665 0.0347331 1
666 0.0368355 1
667 0.0377005 1
668 0.0125736 1
669 0.0181389 1
670 0.0512861 1
671 0.0392142 1
672 0.0269711 1
673 0.0017491 1
674 0.0422203 1
675 0.00635315 1
676 0.0524026 1
677 0.0160359 1
678 0.0638027 1
679 0.0648061 1
680 0.0308474 1
681 0.0146171 1
682 0.0426917 1
683 0.0596879 1
684 0.050907 1
685 0.0130307 1
686 0.0169556 1
687 0.0424484 1
688 0.00708933 1
689 0.0149893 1
690 0.00523158 1
691 0.025251 1
692 0.0448157 1
693 0.0321619 1
694 0.0185747 1
695 0.0318666 1
696 0.00647578 1
697 0.0512575 1
698 0.0465818 1
699 0.0556558 1
700 0.0132933 1
701 0.0233738 1
702 0.0538082 1
703 0.0224374 1
704 0.0275773 1
705 0.0239864 1
706 0.0090113 1
707 0.0396351 1
708 0.0424294 1
709 0.0399753 1
710 0.011042 1
711 0.0344465 1
712 0.0340321 1
713 0.0716118 1
714 0.00816309 1
715 0.0165245 1
716 0.0508212 1
717 0.0627192 1
718 0.0303557 1
719 0.0548505 1
720 0.0463659 1
721 0.0269965 1
722 0.059105 1
723 0.0131649 1
724 0.0498966 1
725 0.0732739 1
726 0.0414373 1
727 0.00236318 1
728 0.039161 1
729 0.0196127 1
730 0.0193911 1
731 0.0224516 1
732 0.0249836 1
733 0.0243069 1
734 0.0371305 1
735 0.0208835 1
736 0.0247924 1
737 0.0487895 1
738 0.0365085 1
739 0.0336998 1
740 0.0556446 1
741 0.0263558 1
742 0.031779 1
743 0.0816425 1
744 0.0258862 1
745 0.0276075 1
746 0.0429542 1
747 0.00879718 1
748 0.0477184 1
749 0.0318403 1
750 0.0240864 1
751 0.0167146 1
752 0.027844 1
753 0.0614802 1
754 0.0487074 1
755 0.0303959 1
756 0.0441007 1
757 0.0212047 1
758 0.0360687 1
759 0.0415017 1
760 0.0568075 1
761 0.00911964 1
762 0.00615559 1
763 0.029978 1
764 0.0172946 1
765 0.0305536 1
766 0.0247262 1
767 0.0488817 1
768 0.0431976 1
769 0.029451 1
770 0.00762084 1
771 0.0125093 1
772 0.021345 1
773 0.0387697 1
774 0.0249086 1
775 0.0363473 1
776 0.0849984 1
777 0.064053 1
778 0.0174867 1
779 0.0297573 1
780 0.0311938 1
781 0.0369866 1
782 0.000107854 1
783 0.0230496 1
784 0.0219672 1
785 0.0208689 1
786 0.00939965 1
787 0.0433809 1
788 0.0414548 1
789 0.0100835 1
790 0.0573701 1
791 0.0312256 1
792 0.0371567 1
793 0.0295836 1
794 0.029487 1
795 0.0299866 1
796 0.0441029 1
797 0.0438121 1
798 0.0489472 1
799 0.0269536 1
800 0.0146643 1
801 0.0350066 1
802 0.0240606 1
803 0.0324266 1
804 0.0144103 1
805 0.0277775 1
806 0.0175645 1
807 0.0295115 1
808 0.013706 1
809 0.0107962 1
810 0.0360832 1
811 0.0229549 1
812 0.00287127 1
813 0.0610686 1
814 0.0703273 1
815 0.00674843 1
816 0.0577749 1
817 0.0296378 1
818 0.0188793 1
819 0.0126993 1
820 0.0137767 1
821 0.0178228 1
822 0.0578965 1
823 0.0299391 1
824 0.0282266 1
825 0.0368886 1
826 0.0385224 1
827 0.0170462 1
828 0.0248369 1
829 0.0399138 1
830 0.0164881 1
831 0.0334583 1
832 0.0197344 1
833 0.0560217 1
834 0.0301789 1
835 0.0448728 1
836 0.0440159 1
837 0.039689 1
838 0.0423069 1
839 0.0378202 1
840 0.0505904 1
841 0.0199103 1
842 0.0377133 1
843 0.0123151 1
844 0.00460389 1
845 0.0565681 1
846 0.032345 1
847 0.0462414 1
848 0.0375488 1
849 0.00388137 1
850 0.0230315 1
851 0.0234448 1
852 0.0266594 1
853 0.037977 1
854 0.0319227 1
855 0.0256336 1
856 0.015153 1
857 0.0171886 1
858 0.0242025 1
859 0.0328844 1
860 0.025824 1
861 0.0332328 1
862 0.0131244 1
863 0.0339403 1
864 0.0457982 1
865 0.0275634 1
866 0.0710753 1
867 0.0417404 1
868 0.0623483 1
869 0.0595597 1
870 0.0287687 1
871 0.0372826 1
872 0.0956904 1
873 0.0406523 1
874 0.00504604 1
875 0.0534965 1
876 0.0197268 1
877 0.0244001 1
878 0.0169838 1
879 0.0355658 1
880 0.0484998 1
881 0.026039 1
882 0.00702436 1
883 0.02201 1
884 0.043084 1
885 0.0254119 1
886 0.0248055 1
887 0.0136212 1
888 0.0607987 1
889 0.046441 1
890 0.0269657 1
891 0.0221603 1
892 0.0178063 1
893 0.0228055 1
894 0.0228377 1
895 0.0406029 1
896 0.0773486 1
897 0.024602 1
898 0.0464642 1
899 0.0380131 1
900 0.0188683 1
901 0.0280109 1
902 0.0420184 1
903 0.0480856 1
904 0.0186212 1
905 0.0125994 1
906 0.0157191 1
907 0.0352492 1
908 0.0204221 1
909 0.0201529 1
910 0.0201431 1
911 0.0203302 1
912 0.0209572 1
913 0.0141455 1
914 0.0615269 1
915 0.0576318 1
916 0.0186911 1
917 0.0254303 1
918 0.0123247 1
919 0.0288716 1
920 0.0309166 1
921 0.0181703 1
922 0.0338202 1
923 0.00832427 1
924 0.018753 1
925 0.0183367 1
926 0.0179599 1
927 0.0314632 1
928 0.0267436 1
929 0.0298009 1
930 0.0577718 1
931 0.0309362 1
932 0.00833477 1
933 0.0236003 1
934 0.00173066 1
935 0.0674317 1
936 0.0212704 1
937 0.0210929 1
938 0.0223243 1
939 0.0164213 1
940 0.0419267 1
941 0.0633886 1
942 0.0205327 1
943 0.00439806 1
944 0.0326826 1
945 0.0421747 1
946 0.0231294 1
947 0.0306016 1
948 0.0315432 1
949 0.0173206 1
950 0.0282721 1
951 0.0404281 1
952 0.0385077 1
953 0.024206 1
954 0.0239952 1
955 0.0266716 1
956 0.0349737 1
957 0.0329961 1
958 0.0460219 1
959 0.0460474 1
960 0.0190906 1
961 0.0423846 1
962 0.0161142 1
963 0.0212676 1
964 0.0288014 1
965 0.0853877 1
966 0.0394617 1
967 0.0306404 1
968 0.0710222 1
969 0.0571513 1
970 0.0126661 1
971 0.0024763 1
972 0.042375 1
973 0.0623804 1
974 0.0403572 1
975 0.00133539 1
976 0.0200502 1
977 0.0203282 1
978 0.0252847 1
979 0.061708 1
980 0.0516527 1
981 0.0456858 1
982 0.0253701 1
983 0.0287995 1
984 0.0202553 1
985 0.0447478 1
986 0.0228348 1
987 0.0363369 1
988 0.0354301 1
989 0.030562 1
990 0.0316179 1
991 0.0418522 1
992 0.0421172 1
993 0.0284653 1
994 0.0189064 1
995 0.0629598 1
996 0.0142397 1
997 0.0347325 1
998 0.0563398 1
999 0.0411348 1
1000 0.0190371 1
1001 0.0480995 1
1002 0.0123487 1
1003 0.0314156 1
1004 0.0382229 1
1005 0.0356225 1
1006 0.0645984 1
1007 0.0387881 1
1008 0.033838 1
1009 0.0163256 1
1010 0.026049 1
1011 0.0514091 1
1012 0.0155183 1
1013 0.000522833 1
1014 0.0240401 1
1015 0.0335151 1
1016 0.00845879 1
1017 0.00807426 1
1018 0.0357867 1
1019 0.021887 1
1020 0.0415775 1
1021 0.0610061 1
1022 0.00467326 1
1023 0.0136207 1
1024 0.035043 1
1025 0.0134058 1
1026 0.0102854 1
1027 0.0153949 1
1028 0.034034 1
1029 0.0646827 1
1030 0.0419408 1
1031 0.0162478 1
1032 0.00632712 1
1033 0.0306924 1
1034 0.0682211 1
1035 0.0195476 1
1036 0.0129229 1
1037 0.00539882 1
1038 0.0170215 1
1039 0.0462594 1
1040 0.0148126 1
1041 0.0883127 1
1042 0.00482577 1
1043 0.0497675 1
1044 0.00979091 1
1045 0.0225591 1
1046 0.00392216 1
1047 0.0314061 1
1048 0.0215754 1
1049 0.0279415 1
1050 0.0362429 1
1051 0.0258384 1
1052 0.0306477 1
1053 0.0077373 1
1054 0.080614 1
1055 0.0467039 1
1056 0.0137513 1
1057 0.051459 1
1058 0.0403495 1
1059 0.0147861 1
1060 0.0150339 1
1061 0.00104698 1
1062 0.0182394 1
1063 0.0143425 1
1064 0.00937696 1
1065 0.0211001 1
1066 0.0322873 1
1067 0.0255135 1
1068 0.0419486 1
1069 0.020378 1
1070 0.0261457 1
1071 0.0403916 1
1072 0.00470803 1
1073 0.0470215 1
1074 0.0352561 1
1075 0.0565733 1
1076 0.0401505 1
1077 0.0411321 1
1078 0.0534573 1
1079 0.0178114 1
1080 0.0148159 1
1081 0.0220916 1
1082 0.0332818 1
1083 0.0211559 1
1084 0.0239672 1
1085 0.0631089 1
1086 0.0257422 1
1087 0.013239 1
1088 0.0430793 1
1089 0.0355352 1
1090 0.0214078 1
1091 0.0245517 1
1092 0.0422741 1
1093 0.0620428 1
1094 0.0518296 1
1095 0.0525554 1
1096 0.0258155 1
1097 0.0281575 1
1098 0.0347502 1
1099 0.00785091 1
1100 0.0313443 1
1101 0.0202222 1
1102 0.0288453 1
1103 0.0155928 1
1104 0.0109392 1
1105 0.0222421 1
1106 0.0647546 1
1107 0.0256523 1
1108 0.021291 1
1109 0.0504208 1
1110 0.0528896 1
1111 0.0462269 1
1112 0.0174467 1
1113 0.0399092 1
1114 0.0310005 1
1115 0.0609424 1
1116 0.015845 1
1117 0.0174133 1
1118 0.0196872 1
1119 0.0238813 1
1120 0.0468491 1
1121 0.0174117 1
1122 0.0446452 1
1123 0.00874246 1
1124 0.0317049 1
1125 0.0474802 1
1126 0.0195989 1
1127 0.053819 1
1128 0.0624873 1
1129 0.0446602 1
1130 0.0543662 1
1131 0.00337246 1
1132 0.0411189 1
1133 0.0344031 1
1134 0.0175665 1
1135 0.0238116 1
1136 0.0226911 1
1137 0.0258882 1
1138 0.0382267 1
1139 0.0123469 1
1140 0.00442434 1
1141 0.0294636 1
1142 0.00318378 1
1143 0.0026231 1
1144 0.0177284 1
1145 0.0213096 1
1146 0.0359946 1
1147 0.0341521 1
1148 0.0135035 1
1149 0.0144026 1
1150 0.0468342 1
1151 0.0102387 1
1152 0.0256561 1
1153 0.0326511 1
1154 0.00839058 1
1155 0.0188728 1
1156 0.0117774 1
1157 0.0166173 1
1158 0.0342425 1
1159 0.0260486 1
1160 0.0306425 1
1161 0.0553239 1
1162 0.014239 1
1163 0.0279276 1
1164 0.0383678 1
1165 0.0154988 1
1166 0.0363406 1
1167 0.0184291 1
1168 0.0182805 1
1169 0.0102972 1
1170 0.0472956 1
1171 0.0544035 1
1172 0.0381165 1
1173 0.0173746 1
1174 0.0759164 1
1175 0.0218679 1
1176 0.0315314 1
1177 0.0286778 1
1178 0.0106425 1
1179 0.0239231 1
1180 0.010209 1
1181 0.048925 1
1182 0.023078 1
1183 0.0398866 1
1184 0.02266 1
1185 0.033199 1
1186 0.0370772 1
1187 0.0237067 1
1188 0.0168906 1
1189 0.0263523 1
1190 0.0244699 1
1191 0.0292056 1
1192 0.0186484 1
1193 0.0496879 1
1194 0.0457527 1
1195 0.0285922 1
1196 0.0614323 1
1197 0.0490434 1
1198 0.0056031 1
1199 0.0229129 1
1200 0.0287241 1
1201 0.00976829 1
1202 0.0269308 1
1203 0.0251831 1
1204 0.0687728 1
1205 0.0240266 1
1206 0.0319907 1
1207 0.0163057 1
1208 0.0587708 1
1209 0.0334368 1
1210 0.0809309 1
1211 0.0301807 1
1212 0.00996881 1
1213 0.0280582 1
1214 0.0506294 1
1215 0.0561378 1
1216 0.00813797 1
1217 0.0506884 1
1218 0.03247 1
1219 0.0670175 1
1220 0.0416636 1
1221 0.0458926 1
1222 0.0192607 1
1223 0.0408585 1
1224 0.0175173 1
1225 0.0270248 1
1226 0.0402113 1
1227 0.0109787 1
1228 0.0297073 1
1229 0.0408672 1
1230 0.0388802 1
1231 0.0352648 1
1232 0.0238092 1
1233 0.0154122 1
1234 0.0315253 1
1235 0.0201571 1
1236 0.0162864 1
1237 0.00563992 1
1238 0.0400212 1
1239 0.0396382 1
1240 0.0923329 1
1241 0.038399 1
1242 0.0490973 1
1243 0.0435523 1
1244 0.0661974 1
1245 0.0400712 1
1246 0.0142818 1
1247 0.0341805 1
1248 0.0206963 1
1249 0.0124834 1
1250 0.00386516 1
1251 0.00695874 1
1252 0.0568713 1
1253 0.0123544 1
1254 0.0308115 1
1255 0.022848 1
1256 0.00888009 1
1257 0.0513738 1
1258 0.0112317 1
1259 0.0127582 1
1260 0.0180514 1
1261 0.0392431 1
1262 0.0288925 1
1263 0.0732029 1
1264 0.0264614 1
1265 0.035473 1
1266 0.020678 1
1267 0.0177682 1
1268 0.0277138 1
1269 0.0103558 1
1270 0.0357456 1
1271 0.0163132 1
1272 0.023837 1
1273 0.0478427 1
1274 0.0442105 1
1275 0.0790039 1
1276 0.0413274 1
1277 0.0350244 1
1278 0.0603799 1
1279 0.0106391 1
1280 0.0391597 1
1281 0.0333833 1
1282 0.0740316 1
1283 0.0387565 1
1284 0.0397114 1
1285 0.0498882 1
1286 0.021124 1
1287 0.00481131 1
1288 0.0461715 1
1289 0.0258859 1
1290 0.0400113 1
1291 0.0111454 1
1292 0.0171582 1
1293 0.0299321 1
1294 0.0350335 1
1295 0.0229682 1
1296 0.0396219 1
1297 0.0238223 1
1298 0.0405307 1
1299 0.0327294 1
1300 0.0138696 1
1301 0.0472752 1
1302 0.0583424 1
1303 0.0214624 1
1304 0.0470207 1
1305 0.0420213 1
1306 0.00909792 1
1307 0.0376269 1
1308 0.0346478 1
1309 0.0468432 1
1310 0.0539623 1
1311 0.0520527 1
1312 0.0240896 1
1313 0.0524403 1
1314 0.0362619 1
1315 0.0178777 1
1316 0.0153338 1
1317 0.0494244 1
1318 0.0259786 1
1319 0.0397667 1
1320 0.0119867 1
1321 0.0214316 1
1322 0.00612291 1
1323 0.0403874 1
1324 0.0194778 1
1325 0.0451312 1
1326 0.0398045 1
1327 0.00201155 1
1328 0.00503847 1
1329 0.0187154 1
1330 0.0170554 1
1331 0.0257883 1
1332 0.0700706 1
1333 0.0266448 1
1334 0.0245811 1
1335 0.0146036 1
1336 0.00974725 1
1337 0.0361447 1
1338 0.0558047 1
1339 0.0150501 1
1340 0.0411763 1
1341 0.0365413 1
1342 0.0219408 1
1343 0.0245821 1
1344 0.0128639 1
1345 0.0345048 1
1346 0.0301357 1
1347 0.0494677 1
1348 0.0193879 1
1349 0.00878893 1
1350 0.0188625 1
1351 0.0329268 1
1352 0.0230533 1
1353 0.0156878 1
1354 0.031 1
1355 0.0224214 1
1356 0.00659762 1
1357 0.0266803 1
1358 0.0639402 1
1359 0.0765856 1
1360 0.0218813 1
1361 0.0515272 1
1362 0.0126167 1
1363 0.0329704 1
1364 0.0497039 1
1365 0.0363493 1
1366 0.00978212 1
1367 0.00544466 1
1368 0.0226492 1
1369 0.0651845 1
1370 0.0390022 1
1371 0.0291575 1
1372 0.0824913 1
1373 0.0311693 1
1374 0.032672 1
1375 0.0344007 1
1376 0.051819 1
1377 0.0507781 1
1378 0.0364766 1
1379 0.0398473 1
1380 0.0162218 1
1381 0.0173747 1
1382 0.0313754 1
1383 0.0153891 1
1384 0.0128765 1
1385 0.00818582 1
1386 0.0159024 1
1387 0.0179136 1
1388 0.0282712 1
1389 0.0212578 1
1390 0.021055 1
1391 0.019553 1
1392 0.0388625 1
1393 0.0345758 1
1394 0.0364442 1
1395 0.0325654 1
1396 0.0176457 1
1397 0.0174163 1
1398 0.0689629 1
1399 0.0288773 1
1400 0.0455316 1
1401 0.0318694 1
1402 0.0286493 1
1403 0.0566147 1
1404 0.011879 1
1405 0.0218382 1
1406 0.0142452 1
1407 0.0655914 1
1408 0.0365971 1
1409 0.0272659 1
1410 0.0229825 1
1411 0.00751812 1
1412 0.0254224 1
1413 0.0296757 1
1414 0.0157071 1
1415 0.00623953 1
1416 0.0354059 1
1417 0.0292646 1
1418 0.0214193 1
1419 0.0431142 1
1420 0.0089673 1
1421 0.0440982 1
1422 0.044298 1
1423 0.069055 1
1424 0.0356093 1
1425 0.0218677 1
1426 0.0365212 1
1427 0.0371322 1
1428 0.0162913 1
1429 0.0206275 1
1430 0.0221922 1
1431 0.010089 1
1432 0.0438647 1
1433 0.0371987 1
1434 0.0360627 1
1435 0.0209584 1
1436 0.0280307 1
1437 0.0289864 1
1438 0.0208639 1
1439 0.0216069 1
1440 0.0133891 1
1441 0.0505807 1
1442 0.014296 1
1443 0.0280444 1
1444 0.00844584 1
1445 0.0342401 1
1446 0.0234984 1
1447 0.0211133 1
1448 0.0126201 1
1449 0.0341833 1
1450 0.00745685 1
1451 0.0338992 1
1452 0.0393083 1
1453 0.0549475 1
1454 0.014281 1
1455 0.0170246 1
1456 0.0351214 1
1457 0.0471187 1
1458 0.0191788 1
1459 0.0154326 1
1460 0.0262819 1
1461 0.0247671 1
1462 0.0311789 1
1463 0.0128493 1
1464 0.0462035 1
1465 0.0324409 1
1466 0.029355 1
1467 0.040138 1
1468 0.0630885 1
1469 0.0199976 1
1470 0.0371841 1
1471 0.0455527 1
1472 0.0181075 1
1473 0.0247779 1
1474 0.0421154 1
1475 0.0391951 1
1476 0.0118007 1
1477 0.0475174 1
1478 0.0376093 1
1479 0.0284192 1
1480 0.0242749 1
1481 0.0163419 1
1482 0.0274765 1
1483 0.0544228 1
1484 0.0251544 1
1485 0.0560833 1
1486 0.0455179 1
1487 0.0259358 1
1488 0.018114 1
1489 0.0219793 1
1490 0.0242088 1
1491 0.047816 1
1492 0.0609774 1
1493 0.0715977 1
1494 0.0871355 1
1495 0.0228875 1
1496 0.023185 1
1497 0.0253331 1
1498 0.0216883 1
1499 0.0467251 1
1500 0.0318669 1
1501 0.0281735 1
1502 0.0326928 1
1503 0.0541617 1
1504 0.0382941 1
1505 0.0408321 1
1506 0.019266 1
1507 0.0236538 1
1508 0.0204495 1
1509 0.0179053 1
1510 0.0135947 1
1511 0.0453473 1
1512 0.0246848 1
1513 0.0149343 1
1514 0.0632188 1
1515 0.0602816 1
1516 0.0186387 1
1517 0.0498596 1
1518 0.0317865 1
1519 0.0408807 1
1520 0.0344989 1
1521 0.0515794 1
1522 0.0537981 1
1523 0.0231561 1
1524 0.0311328 1
1525 0.0209834 1
1526 0.0287988 1
1527 0.0277114 1
1528 0.0395567 1
1529 0.0413274 1
1530 0.0099782 1
1531 0.00865847 1
1532 0.0480407 1
1533 0.0253586 1
1534 0.00674267 1
1535 0.0271405 1
1536 0.0349072 1
1537 0.0165435 1
1538 0.0410738 1
1539 0.00500371 1
1540 0.0337373 1
1541 0.0519663 1
1542 0.0419339 1
1543 0.0545884 1
1544 0.00936871 1
1545 0.0407044 1
1546 0.02437 1
1547 0.0047947 1
1548 0.0236512 1
1549 0.0141271 1
1550 0.0304787 1
1551 0.0209363 1
1552 0.0133456 1
1553 0.0232083 1
1554 0.0674662 1
1555 0.0453665 1
1556 0.00403639 1
1557 0.0247839 1
1558 0.0592634 1
1559 0.0194616 1
1560 0.0538056 1
1561 0.0176123 1
1562 0.00783136 1
1563 0.0697267 1
1564 0.088441 1
1565 0.024639 1
1566 0.0675835 1
1567 0.0299651 1
1568 0.0615699 1
1569 0.0316379 1
1570 0.0358862 1
1571 0.020415 1
1572 0.0218607 1
1573 0.0335642 1
1574 0.00532293 1
1575 0.0110568 1
1576 0.0511478 1
1577 0.0298303 1
1578 0.0453334 1
1579 0.0274837 1
1580 0.0120206 1
1581 0.0331399 1
1582 0.0481145 1
1583 0.0147244 1
1584 0.0239993 1
1585 0.0120454 1
1586 0.0566998 1
1587 0.0315556 1
1588 0.0778528 1
1589 0.0346222 1
1590 0.0197288 1
1591 0.0601003 1
1592 0.0333406 1
1593 0.0297699 1
1594 0.0501963 1
1595 0.0251064 1
1596 0.0251763 1
1597 0.0635928 1
1598 0.0315113 1
1599 0.0235878 1
1600 0.0255293 1
1601 0.0105291 1
1602 0.0272777 1
1603 0.0308672 1
1604 0.0242773 1
1605 0.0487614 1
1606 0.0423159 1
1607 0.0461149 1
1608 0.0474594 1
1609 0.0226615 1
1610 0.05576 1
1611 0.0334072 1
1612 0.0220999 1
1613 0.0225955 1
1614 0.0486368 1
1615 0.0160855 1
1616 0.0217902 1
1617 0.00455675 1
1618 0.032256 1
1619 0.0395649 1
1620 0.0530294 1
1621 0.0722431 1
1622 0.0580527 1
1623 0.0622028 1
1624 0.0231643 1
1625 0.0413798 1
1626 0.0371033 1
1627 0.0371958 1
1628 0.0590687 1
1629 0.0612835 1
1630 0.0215195 1
1631 0.03426 1
1632 0.0344856 1
1633 0.0335104 1
1634 0.0316002 1
1635 0.00831429 1
1636 0.037913 1
1637 0.0392242 1
1638 0.0463086 1
1639 0.0332551 1
1640 0.0166626 1
1641 0.0399071 1
1642 0.02016 1
1643 0.0210563 1
1644 0.0253585 1
1645 0.0141292 1
1646 0.0222366 1
1647 0.0319386 1
1648 0.0752852 1
1649 0.0295551 1
1650 0.0438168 1
1651 0.00814266 1
1652 0.00933366 1
1653 0.0354633 1
1654 0.0214149 1
1655 0.0398821 1
1656 0.0236444 1
1657 0.0237436 1
1658 0.0755343 1
1659 0.0146689 1
1660 0.0420812 1
1661 0.035932 1
1662 0.0448722 1
1663 0.0541368 1
1664 0.006014 1
1665 0.0210534 1
1666 0.0389857 1
1667 0.0478138 1
1668 0.0291381 1
1669 0.0313317 1
1670 0.0188077 1
1671 0.0570735 1
1672 0.00609655 1
1673 0.00237031 1
1674 0.0520119 1
1675 0.00854239 1
1676 0.0177211 1
1677 0.0251242 1
1678 0.00686387 1
1679 0.0360734 1
1680 0.037352 1
1681 0.0394447 1
1682 0.0551377 1
1683 0.00782954 1
1684 0.0185595 1
1685 0.0156973 1
1686 0.0349448 1
1687 0.0377015 1
1688 0.0226097 1
1689 0.036196 1
1690 0.0524636 1
1691 0.0542106 1
1692 0.0475288 1
1693 0.0339222 1
1694 0.0418397 1
1695 0.0299472 1
1696 0.0417065 1
1697 0.0303547 1
1698 0.0247784 1
1699 0.00868753 1
1700 0.00492239 1
1701 0.0163866 1
1702 0.0177111 1
1703 0.0390693 1
1704 0.0623706 1
1705 0.00986216 1
1706 0.0577104 1
1707 0.0602572 1
1708 0.027048 1
1709 0.0185931 1
1710 0.0553658 1
1711 0.0159003 1
1712 0.0302864 1
1713 0.0372983 1
1714 0.0283923 1
1715 0.0155868 1
1716 0.0341316 1
1717 0.04383 1
1718 0.028659 1
1719 0.0410335 1
1720 0.0234031 1
1721 0.034456 1
1722 0.0344664 1
1723 0.0452908 1
1724 0.0127389 1
1725 0.0250526 1
1726 0.0360944 1
1727 0.0363589 1
1728 0.0443756 1
1729 0.0283719 1
1730 0.0370097 1
1731 0.0242717 1
1732 0.0241367 1
1733 0.0421923 1
1734 0.0310217 1
1735 0.0551831 1
1736 0.00539635 1
1737 0.0197697 1
1738 0.0240072 1
1739 0.0465161 1
1740 0.0496675 1
1741 0.03945 1
1742 0.0640054 1
1743 0.0466046 1
1744 0.00892096 1
1745 0.0782455 1
1746 0.0262156 1
1747 0.0446383 1
1748 0.0484472 1
1749 0.0262493 1
1750 0.0174123 1
1751 0.0532582 1
1752 0.0596945 1
1753 0.0217607 1
1754 0.0252712 1
1755 0.00301516 1
1756 0.00884039 1
1757 0.0203357 1
1758 0.0272824 1
1759 0.0747907 1
1760 0.0765467 1
1761 0.0118123 1
1762 0.00870496 1
1763 0.0496825 1
1764 0.0501331 1
1765 0.0205971 1
1766 0.0153762 1
1767 0.0499866 1
1768 0.0245591 1
1769 0.0410386 1
1770 0.0757264 1
1771 0.0237366 1
1772 0.0210717 1
1773 0.0351571 1
1774 0.0345947 1
1775 0.0502204 1
1776 0.0367445 1
1777 0.0488525 1
1778 0.0630373 1
1779 0.0473676 1
1780 0.0221333 1
1781 0.00336254 1
1782 0.0299495 1
1783 0.0201606 1
1784 0.00511631 1
1785 0.0185918 1
1786 0.0269929 1
1787 0.0756312 1
1788 0.0539199 1
1789 0.0494359 1
1790 0.0444334 1
1791 0.0124265 1
1792 0.0270021 1
1793 0.0114007 1
1794 0.0182294 1
1795 0.0188667 1
1796 0.0348133 1
1797 0.0432077 1
1798 0.0532548 1
1799 0.019074 1
1800 0.0505415 1
1801 0.0200537 1
1802 0.0363825 1
1803 0.051415 1
1804 0.0231154 1
1805 0.016305 1
1806 0.02001 1
1807 0.0189813 1
1808 0.0221475 1
1809 0.0429075 1
1810 0.0238493 1
1811 0.0215456 1
1812 0.0440413 1
1813 0.00516374 1
1814 0.0136113 1
1815 0.0570025 1
1816 0.0375663 1
1817 0.0353502 1
1818 0.065442 1
1819 0.0759588 1
1820 0.0493763 1
1821 0.0687838 1
1822 0.0537051 1
1823 0.0221013 1
1824 0.0325511 1
1825 0.0258742 1
1826 0.00792259 1
1827 0.00491459 1
1828 0.0324628 1
1829 0.0253333 1
1830 0.0566283 1
1831 0.0347479 1
1832 0.0541578 1
1833 0.010252 1
1834 0.0158563 1
1835 0.0238146 1
1836 0.0444772 1
1837 0.0116645 1
1838 0.013885 1
1839 0.0408022 1
1840 0.0173933 1
1841 0.0166194 1
1842 0.0315531 1
1843 0.0303581 1
1844 0.0504287 1
1845 0.0605224 1
1846 0.0294152 1
1847 0.0133525 1
1848 0.0199958 1
1849 0.0169407 1
1850 0.030267 1
1851 0.0211656 1
1852 0.0480139 1
1853 0.0423622 1
1854 0.0372674 1
1855 0.0203817 1
1856 0.0345131 1
1857 0.0515559 1
1858 0.0197196 1
1859 0.0164739 1
1860 0.00896405 1
1861 0.0412637 1
1862 0.0162292 1
1863 0.0175663 1
1864 0.0327631 1
1865 0.0298919 1
1866 0.0451355 1
1867 0.0220709 1
1868 0.0810969 1
1869 0.0231085 1
1870 0.0213241 1
1871 0.0228856 1
1872 0.0153277 1
1873 0.00691937 1
1874 0.016687 1
1875 0.0487485 1
1876 0.029403 1
1877 0.0299446 1
1878 0.0360259 1
1879 0.0534186 1
1880 0.0776682 1
1881 0.031931 1
1882 0.0344972 1
1883 0.0117335 1
1884 0.0180098 1
1885 0.0157636 1
1886 0.00778114 1
1887 0.0486546 1
1888 0.0258374 1
1889 0.0381882 1
1890 0.0537657 1
1891 0.0108521 1
1892 0.0551941 1
1893 0.0228882 1
1894 0.0248535 1
1895 0.061267 1
1896 0.0473527 1
1897 0.0570154 1
1898 0.0485401 1
1899 0.0471656 1
1900 0.0499605 1
1901 0.0224032 1
1902 0.0365752 1
1903 0.0205838 1
1904 0.0513072 1
1905 0.0206254 1
1906 0.0592485 1
1907 0.0011475 1
1908 0.0371696 1
1909 0.0292305 1
1910 0.0140311 1
1911 0.0155459 1
1912 0.0421399 1
1913 0.0196547 1
1914 0.0340468 1
1915 0.0442188 1
1916 0.0889166 1
1917 0.0286253 1
1918 0.019487 1
1919 0.0128428 1
1920 0.013328 1
1921 0.0565227 1
1922 0.0277258 1
1923 0.0145354 1
1924 0.0647359 1
1925 0.0354111 1
1926 0.0511632 1
1927 0.0363831 1
1928 0.0427348 1
1929 0.0224695 1
1930 0.0495634 1
1931 0.00839541 1
1932 0.0649563 1
1933 0.020153 1
1934 0.0167199 1
1935 0.0633265 1
1936 0.0072356 1
1937 0.0245161 1
1938 0.0141646 1
1939 0.0189301 1
1940 0.0315009 1
1941 0.025951 1
1942 0.0521655 1
1943 0.0352418 1
1944 0.0177284 1
1945 0.0462298 1
1946 0.0492617 1
1947 0.0409266 1
1948 0.032275 1
1949 0.0309068 1
1950 0.00928087 1
1951 0.00350411 1
1952 0.0521194 1
1953 0.0361879 1
1954 0.060063 1
1955 0.0164673 1
1956 0.0140267 1
1957 0.0634962 1
1958 0.050671 1
1959 0.0357173 1
1960 0.0159016 1
1961 0.0428751 1
1962 0.0123329 1
1963 0.0269034 1
1964 0.0401783 1
1965 0.0230642 1
1966 0.00852381 1
1967 0.0183421 1
1968 0.0572848 1
1969 0.037034 1
1970 0.0267609 1
1971 0.0306225 1
1972 0.0236004 1
1973 0.021023 1
1974 0.0220879 1
1975 0.0245496 1
1976 0.0555195 1
1977 0.0611826 1
1978 0.0399499 1
1979 0.00611739 1
1980 0.000986065 1
1981 0.0182289 1
1982 0.0165318 1
1983 0.0111655 1
1984 0.0314751 1
1985 0.0252721 1
1986 0.0179903 1
1987 0.0546315 1
1988 0.0180467 1
1989 0.058416 1
1990 0.00582757 1
1991 0.0181259 1
1992 0.0774393 1
1993 0.0713673 1
1994 0.0743309 1
1995 0.0263053 1
1996 0.0614725 1
1997 0.0531937 1
1998 0.0588047 1
1999 0.0256034 1
